
0 132 0.010008
2 18 0.765605
2 134 0.542767
3 2 0.057045
3 17 0.689296
3 19 0.393502
4 6 0.840965
4 68 0.063462
4 88 0.681149
4 260 0.393416
5 4 0.427486
5 85 0.598977
7 2 0.856167
7 15 0.101965
7 263 0.425999
8 12 0.920321
8 72 0.272453
9 317 0.746082
9 385 0.642639
10 138 1.001037
10 146 0.257039
10 266 0.732660
11 9 0.661519
11 73 0.641635
12 28 0.282710
12 92 0.776495
12 332 0.247774
14 42 0.369265
14 79 0.496517
14 399 0.919208
15 14 0.914653
16 0 0.526292
16 24 0.996642
17 16 0.276145
17 19 0.957764
18 3 0.510707
18 10 0.287082
18 19 0.539747
18 26 0.950980
18 58 0.771514
18 146 0.837817
19 87 0.025868
20 22 0.878247
21 5 0.746225
21 149 1.009458
22 23 0.243195
22 278 0.361015
25 89 0.601114
26 72 0.422081
26 246 0.279317
27 91 0.547304
28 29 0.297212
28 284 0.163720
29 63 0.812406
29 157 0.544450
31 62 0.965361
32 34 0.564584
32 48 0.634849
32 288 0.169768
33 38 0.724710
33 97 0.100990
33 177 0.013000
34 2 0.036876
35 34 0.947897
35 163 0.190896
35 166 0.896991
35 291 0.160335
36 37 0.395815
36 52 0.509741
36 164 0.597187
37 33 0.600109
37 45 0.566146
37 101 0.993305
37 103 0.151820
38 35 0.262126
38 46 0.474031
38 54 0.136031
38 102 0.329250
39 293 0.136712
41 173 0.631634
42 60 0.257842
43 107 0.399314
44 60 0.038375
45 39 0.436497
45 57 0.957487
49 17 0.141189
51 179 0.102174
53 29 0.081064
53 57 0.263057
54 311 0.793153
55 23 0.359524
55 39 0.818945
55 116 0.661646
55 310 0.689592
56 48 0.260126
57 47 0.481262
57 113 0.610394
58 50 0.765844
60 61 0.961367
61 62 0.449330
61 317 0.698981
63 54 0.997145
63 61 0.861270
63 191 0.547426
64 200 0.113434
64 320 0.586717
65 66 0.450039
66 170 0.879264
68 76 0.810720
70 66 0.751716