
268,260,284,270,28,324,285,325,29,356,453,32,48,140,12,277,275,411,92,469,337,93,501,136,387,13,468,157,34,9,63,385,317,373,465,332,397,451,336,301,288,61,477,62,511,354,35,338,191,399,323,273,395,372,1,166,321:18.831038,19.052098,19.328840,19.482069,19.546937,19.559006,19.667010,19.738018,19.932972,20.454722,20.720728,20.992694,21.148579,21.692428,22.612334,22.693073,22.738687,23.000768,23.013722,23.209684,23.377253,23.468247,23.951128,24.210741,24.296205,24.491827,25.032302,25.251801,25.342500,25.550420,25.654010,25.741267,25.807576,25.960318,26.101301,26.269310,26.322401,26.348625,26.369420,26.738583,26.782443,26.999856,27.121386,27.338601,27.382607,27.392124,27.659904,27.754942,27.775934,27.781511,27.847930,27.991105,28.060887,28.480468,28.614006,28.617069,28.653793
214,222:19.417391,21.635061
467,402,406,468,403,386,134,401,339,405,384,304,347,475:14.432698,15.019284,15.926528,16.158505,16.164628,16.289596,16.927959,17.297268,23.220064,23.595301,23.830796,23.911332,23.995811,24.333124
460,198,238,207,495,447,187,134,367,303,151,415,205:31.994664,32.145879,32.437158,33.391253,36.488782,36.581419,36.787264,37.085445,37.396575,38.512387,40.312661,40.621342,41.881901
14,79,399,42,77,78,73,86,87,381,395,9,385,317,451,85,397,323,60,61,301,115,62,378,285,379,346,344,277,337,293,289,292,275,338,376:70.713553,71.040339,71.072502,71.289942,72.047855,72.755690,72.970336,73.050728,73.483064,73.664981,73.720620,74.145465,74.335205,74.708297,74.905807,74.915650,75.173647,75.268517,75.823531,76.477722,76.600454,76.651464,76.978900,77.902894,78.020708,78.239171,78.260280,78.294055,78.968491,79.524669,79.649151,79.684979,79.841118,79.894395,80.018263,80.437476
99,103,119,355,363,37,33,38,45,101,46,106,57,113,39,54,362:44.324599,44.424822,45.632653,48.545477,50.119285,50.706691,51.880503,52.548193,52.577716,52.867657,52.957499,53.102599,53.162053,53.275709,53.281321,53.352548,53.396802
396,390,134,398,412,408,414,268,260,284,285,13,270,151,215,183,324,140,453,55,12,39,92,116:58.679366,59.749389,60.374897,61.027305,61.344192,61.983817,62.713776,64.634308,64.671101,64.851278,65.067432,65.092209,65.897629,66.182569,66.587142,66.959399,67.135676,67.139939,67.445093,67.801226,67.864883,68.097262,68.173497,68.385625
213,341,497,501,373,473,372,475,491,459,323:10.644276,11.923212,12.641131,12.912602,13.517418,13.687945,14.302363,18.546909,19.058376,19.318185,19.522965
105,361,296,298,42,426,24,60,61,317,416,290,299,285,233,277,314,337,275,318,315,59,273,321:0.593535,1.462509,2.252893,2.560201,3.038241,3.088782,4.436199,5.260917,5.983583,6.519770,6.644512,6.675993,6.787149,7.417081,7.544586,8.061365,8.069828,8.141764,8.262077,8.600175,8.961176,9.289537,10.458921,10.553943
351,271,287:71.136713,72.675674,73.049183
296,298,42,24,426,290,299,314,315,318,267,59,416,363,355,60,61,62,417,317,106:88.548496,89.333624,89.479335,90.828482,91.252735,91.322070,93.001235,93.247821,93.817490,93.884400,93.922782,95.373108,95.571076,95.792432,96.199552,96.469962,96.731413,97.839953,98.003250,98.270122,98.439000
315,363,355:6.975860,10.403464,16.557589
314,318,59:30.981015,33.277610,33.651015
437,433,385,451,447,405,177,57,113,187,415,401,397,323,403,402,47,301,399,406,395,386,384,293,292,304,260,324,134,325,453,511,398,356,413,445,289:45.916278,46.142167,46.288175,46.442291,46.604510,46.800527,47.307832,47.351110,47.757334,48.047147,48.110884,48.466024,50.861173,51.158544,51.166002,51.193444,51.200603,51.356813,51.782045,51.855473,52.093148,52.237117,52.413339,52.498916,52.575642,52.941733,53.662577,54.419094,54.506240,54.996448,55.284945,55.327501,55.336339,55.356865,55.398856,55.538511,55.817240
289,297,425:92.526869,94.214851,96.400259
170,171,235,190,394,458,459,173,323,165,161,115,378,346,202,451,379,344,338,169,274,282,280,376,233,386:16.000756,16.388268,16.538602,16.734669,17.393721,17.687545,18.881388,18.976736,19.200230,19.508207,19.760700,19.770542,19.919887,20.056721,20.209653,20.506656,20.766724,21.033605,22.115785,22.406546,22.605403,22.915918,23.001126,24.153418,25.566649,25.875470
108,228,230,238,196,76,92,334,206,68,478,222,420,398:77.146857,79.280127,79.587495,79.652936,83.724412,84.364739,84.491907,84.678508,84.750114,85.204796,85.409756,85.493287,85.734542,86.333610
509,377,345,477,501:13.632960,14.610359,15.911870,16.165415,22.623603
228,238,196,420,76,230,92,207,206,495,367,303,447,187,334,68,494,415,486,398,93,418,478,166,299,267,38,222,11,73:74.383608,76.033037,76.178053,76.839045,77.035273,77.094557,77.789094,77.810852,78.224170,78.547437,78.550319,78.842440,79.218480,79.255874,79.643529,79.683391,79.919803,79.962656,80.480948,80.508474,80.536274,80.810033,80.876928,81.384073,81.398531,81.460065,81.505560,81.597746,83.274249,84.114783
214,222:64.029486,65.338557
340,338,274,282,280:8.833905,10.093848,11.173666,11.654386,15.367085
238,207,495,367,205,303,447,187:70.097409,73.976004,77.857191,78.185657,78.471620,79.030914,79.040821,79.122213
157,477,511:19.530594,20.323335,20.324347
174,238,143,207,15,10,141,138,146,399,14,495,266,205,136,9,395,447,367,42,303,187,317,415,285,385,451,60:32.020300,32.996327,34.830826,35.033831,35.290396,35.380040,35.608478,35.636933,35.684662,35.838870,35.988072,37.301546,37.443963,37.537443,37.713841,38.297936,38.356759,38.572362,38.781648,38.942635,39.073203,39.275712,39.747712,40.370264,40.580678,41.111407,41.426953,41.901564
73,9,385,317,451,323,115,397,399,285,378,379,277,337,411,273,346:83.854900,86.642873,87.409779,87.601416,88.357151,88.466212,90.912061,90.928187,91.466945,91.930317,92.761179,92.953856,92.976917,93.282274,93.380477,93.404745,93.758644
58,50:80.771066,81.375706